# DDG
0.834
0.747
0.705
0.263
0.637
-0.149
0.205
0.742
0.723
0.675
0.619
0.061
0.662
0.163
0.656
0.017
0.326
0.491
0.638
0.792
0.933
1.421
0.045
0.814
-0.485
-0.263
-0.471
3.845
-0.517
1.007
0.561
-0.165
-0.802
0.064
-0.986
0.369
0.167
0.462
0.216
0.044
-0.325
-0.365
-0.641
-0.800
-0.813
-1.026
0.234
0.194
-0.080
-0.762
-0.354
-0.491
-0.073
-0.661
-0.341
-0.185
-0.138
0.305
0.154
-0.079
0.047
-0.280
-0.755
-0.407
-1.486
0.230
-0.013
0.159
0.036
0.046
-0.343
-0.118
-0.588
-0.050
0.022
0.176
0.700
0.910
0.783
0.383
0.625
0.608
0.515
0.222
0.963
0.722
0.803
0.544
0.807
0.269
0.566
0.725
0.665
0.427
0.752
1.059
0.711
0.899
0.477
0.793
0.706
0.327
0.757
-0.435
0.939
0.830
0.731
0.423
0.620
0.383
0.476
0.484
0.501
0.749
0.545
0.369
1.214
0.409
1.185
0.142
-0.150
-0.006
-0.069
0.567
1.092
0.466
0.303
0.252
0.568
-0.209
0.428
0.385
0.593
1.734
1.559
1.790
0.983
1.403
0.727
0.867
1.464
1.894
1.546
2.036
1.650
0.959
1.404
-0.428
1.228
1.366
1.413
1.558
-0.131
-0.235
-0.862
-0.973
-1.295
-1.096
-0.994
-1.578
-0.152
-0.531
0.312
-0.991
-0.366
-0.672
-1.577
-0.794
-0.308
-0.047
-0.116
1.058
-0.092
-0.627
-0.427
-1.180
-0.079
-0.268
-0.762
0.882
0.530
0.770
-0.091
0.522
-0.391
-0.331
-2.019
-0.167
0.311
0.442
1.193
0.332
1.236
-0.174
0.690
0.004
0.251
0.311
0.426
0.362
1.325
0.695
0.320
0.832
0.151
0.088
-0.146
0.336
0.949
1.098
0.161
0.411
-0.017
-0.843
0.349
-0.103
-0.053
0.317
0.154
0.819
0.476
0.833
0.099
0.305
-0.046
0.318
0.820
0.988
1.618
0.689
0.751
0.050
-0.349
-0.013
0.156
3.705
1.090
1.332
1.513
0.073
1.201
0.543
1.051
0.362
0.607
0.775
1.068
1.506
0.667
0.944
-0.082
0.490
-0.114
0.204
3.007
1.014
1.620
1.354
0.220
0.499
0.670
0.676
0.235
0.553
0.819
0.643
-1.181
-0.092
-1.488
-0.720
-2.064
-1.404
-1.299
2.846
-0.642
0.215
-0.353
-1.346
-0.334
-0.969
-0.599
-1.427
-1.116
-0.937
-0.516
1.170
0.361
0.543
-0.269
-0.107
-0.306
-0.315
-0.430
2.045
1.153
1.021
1.099
-0.268
0.757
0.268
0.727
0.108
-0.008
0.645
1.026
0.150
0.458
-0.459
-0.291
-0.708
-0.819
-0.925
2.846
0.732
0.663
0.756
-0.678
0.560
-0.097
0.376
-0.141
-0.093
0.451
0.172
0.463
0.987
-0.040
0.987
-0.149
-0.503
0.047
2.276
-0.080
0.269
0.699
-0.335
0.105
0.458
0.564
0.478
0.122
0.583
1.235
3.155
1.307
3.487
1.435
1.094
1.461
6.099
1.325
1.916
1.134
1.170
0.555
0.586
0.688
0.902
0.243
0.449
0.888
1.257
0.892
0.590
-0.013
0.152
0.153
0.495
0.796
3.516
0.773
1.063
0.586
0.542
0.452
-2.270
-1.523
0.693
0.558
1.069
0.606
0.749
1.076
0.770
0.991
0.801
0.836
1.042
-0.126
0.620
1.029
0.880
0.843
0.771
0.386
0.078
0.089
0.321
0.846
0.403
0.021
-0.211
-0.339
-0.833
-0.672
-0.061
-0.511
0.368
0.061
0.152
-0.682
0.197
-0.123
-1.700
-1.981
-0.142
0.185
0.537
1.427
1.015
1.062
0.391
0.429
0.247
0.578
1.590
1.102
1.648
1.001
0.646
1.058
0.841
0.416
0.237
0.837
1.226
1.156
-0.519
0.129
-0.651
0.092
-0.915
-0.785
-0.947
2.920
0.004
-0.052
0.111
-0.737
-0.088
-0.731
-0.491
-0.808
-0.573
-0.391
0.054
0.520
0.126
-0.646
-0.553
-0.901
-0.847
-1.051
-0.514
0.347
0.225
0.420
-0.724
0.194
-0.224
-0.693
-0.467
-0.562
-0.290
0.063
0.952
0.315
0.722
0.166
0.211
-0.160
0.321
0.329
-0.147
0.262
0.260
1.019
0.396
0.785
0.487
-0.156
0.292
0.435
0.864
1.265
0.322
0.120
-0.619
-0.542
-0.708
-0.351
-0.388
1.755
0.510
-0.021
0.655
-0.324
0.151
0.219
1.057
0.075
-0.106
0.117
1.554
0.794
1.173
0.670
-0.322
-0.193
-0.187
2.563
0.957
0.891
0.984
-0.114
0.808
0.062
1.320
0.570
0.115
0.381
0.956
1.794
0.847
1.061
0.355
-0.201
0.309
-0.064
2.960
1.401
1.561
1.508
0.339
0.593
0.213
1.205
0.764
0.378
0.240
0.922
1.554
-0.036
2.361
-1.633
0.845
-1.591
-1.356
-0.941
3.740
1.337
1.665
0.629
-1.012
0.884
1.514
0.307
-0.540
-0.038
0.312
1.356
0.208
-0.192
-0.985
-0.952
-1.287
-1.118
-0.462
4.285
0.310
0.352
0.615
-0.942
0.937
-0.103
1.336
-0.421
0.139
0.576
1.739
0.742
1.097
0.275
-0.404
0.215
-0.054
3.846
0.780
1.563
1.215
0.253
0.721
0.595
1.442
0.724
0.057
0.323
0.758
1.264
0.072
-0.681
-0.606
-0.668
-0.518
-0.726
3.543
0.578
0.547
0.929
-0.331
0.523
-0.125
1.145
0.389
-0.327
-1.067
0.212
0.975
-0.369
-0.823
-3.104
-1.687
-3.264
0.133
4.048
4.283
0.352
-0.248
-0.201
6.160
0.346
-1.153
1.310
-0.481
-0.456
0.269
1.916
0.966
1.686
0.827
1.299
-0.022
1.683
1.747
3.410
1.240
2.057
1.290
1.797
0.895
0.939
1.121
0.495
0.792
1.514
1.819
0.777
1.381
-0.198
0.928
-0.575
0.499
0.117
4.777
0.963
0.397
1.043
0.592
0.519
0.197
1.560
0.777
-0.228
0.159
0.026
-0.712
-1.930
-0.555
-2.447
-2.134
0.341
1.912
1.857
0.017
-0.850
0.941
-0.778
0.464
3.303
2.499
-1.992
-1.424
0.630
0.563
-0.477
-0.641
0.614
-1.182
-2.525
1.940
0.618
0.095
0.236
-0.081
0.156
2.123
-0.046
-0.600
2.209
1.301
-1.155
2.184
-0.621
-0.770
-0.132
-0.741
-0.606
-0.753
-0.167
3.312
-1.439
-0.888
-1.106
-0.280
-0.578
-0.649
-0.413
-0.488
-1.352
-1.651
-0.096
1.515
1.020
1.632
0.231
1.543
-0.112
1.534
1.284
1.162
1.751
1.078
-0.241
0.874
1.165
2.931
2.472
0.828
1.001
0.529
0.065
0.078
0.666
0.061
0.591
0.105
-0.023
0.488
-0.613
0.342
0.631
0.474
0.092
0.588
0.460
0.715
0.506
0.234
0.672
4.321
3.734
2.366
0.667
1.396
0.530
0.038
5.323
3.666
2.683
2.663
0.533
3.376
2.692
4.039
3.820
2.599
2.244
2.319
0.180
0.118
-0.125
-0.430
-0.670
-0.695
-0.533
-0.433
0.567
0.300
0.118
-0.386
-0.378
0.166
0.018
0.237
-0.532
-0.039
0.430
-0.659
-0.063
-0.789
-0.260
-0.451
0.357
-0.341
-0.016
0.387
0.988
-7.435
0.516
-0.245
0.515
0.682
1.158
0.758
0.632
0.668
0.867
0.528
0.748
-0.366
-0.409
-0.886
0.238
0.404
1.265
0.766
0.622
0.255
0.598
0.753
0.624
0.803
0.835
0.054
1.162
1.903
1.504
1.181
0.382
0.652
0.035
-0.474
0.754
0.398
1.751
1.334
1.153
-0.354
0.857
0.372
1.873
1.568
0.048
1.192
3.824
2.083
1.679
0.111
0.183
4.839
9.547
3.177
2.468
1.930
1.629
5.293
1.820
3.584
4.126
4.378
5.064
6.078
5.770
0.079
0.156
0.066
0.053
0.019
0.189
0.011
0.101
-0.542
0.326
-0.033
-0.048
0.032
-0.265
-0.127
-0.187
-0.334
-0.955
-0.101
4.437
3.253
2.685
2.636
0.245
2.333
8.756
2.670
3.647
2.917
2.719
4.566
3.529
2.621
4.824
3.479
2.465
4.272
2.507
2.516
1.963
2.312
1.581
1.711
1.372
2.011
1.841
2.378
2.475
2.340
2.045
2.156
1.687
1.890
1.573
1.657
1.312
2.363
1.936
1.359
2.177
1.224
2.326
1.472
0.457
1.619
2.139
1.908
2.642
1.410
0.855
1.546
1.264
0.949
1.088
1.449
1.453
-0.249
-0.261
-0.052
-0.395
-0.120
-0.756
-0.392
-0.955
0.001
-0.139
0.071
-0.283
-0.324
-0.234
-0.315
-0.022
-0.307
-0.551
-0.069
3.095
1.939
1.806
6.408
3.536
5.433
19.170
33.124
2.276
2.179
1.947
25.844
4.584
5.014
4.807
7.000
10.356
11.142
14.281
0.520
0.430
1.396
-0.012
1.212
-0.048
0.328
0.203
-0.918
0.470
1.044
0.389
0.336
0.296
0.191
0.405
0.245
0.099
0.633
1.299
0.364
1.325
0.405
0.897
-0.560
4.733
5.407
4.245
0.943
0.391
4.761
2.083
0.820
1.184
-0.033
-0.075
0.292
6.801
2.776
1.456
-1.263
-0.313
1.885
1.588
7.354
27.807
7.437
2.075
0.715
15.984
1.805
4.916
2.897
6.113
7.578
12.889
6.551
4.075
3.558
1.762
1.718
1.112
1.245
1.693
4.925
4.366
3.354
3.766
0.435
3.332
2.891
4.085
2.359
2.767
3.406
3.106
2.163
1.508
0.562
0.261
0.009
-0.307
5.243
5.509
1.617
0.797
1.422
-1.125
1.754
1.362
2.577
1.691
0.763
2.643
1.511
5.306
3.775
1.614
0.903
1.318
3.619
14.498
5.415
4.953
3.564
3.344
9.801
3.583
3.089
5.644
4.980
5.803
9.715
6.591
0.930
-0.437
-0.457
0.003
-0.354
-0.267
0.824
3.697
-0.005
-0.783
-0.384
0.465
-0.030
-0.027
-0.152
-0.190
-0.258
-0.495
1.453
5.827
4.735
3.557
2.083
2.722
1.256
4.101
4.426
4.939
4.717
4.407
1.583
3.850
3.792
6.013
5.093
3.816
4.891
3.020
0.852
-0.610
2.418
1.487
1.836
0.449
4.024
7.194
5.242
3.229
0.303
10.025
2.452
0.948
1.872
1.204
1.484
-0.593
3.170
1.912
1.366
1.747
1.102
1.583
1.408
1.607
1.880
1.239
1.484
1.961
1.833
1.704
1.634
2.008
1.849
1.229
1.304
2.515
1.374
1.235
1.168
1.234
0.817
0.096
1.211
1.263
0.463
1.178
1.816
0.950
0.974
0.274
1.172
1.053
1.048
1.500
1.033
-0.919
0.951
1.678
-0.003
1.346
-0.182
0.415
0.463
4.692
0.369
1.534
0.492
0.590
0.594
0.721
1.873
1.672
-0.105
0.094
0.575
-0.076
0.685
-1.167
0.001
-0.917
0.260
0.809
1.832
-0.350
-0.112
-0.113
0.300
-0.668
1.436
0.351
-1.302
-0.897
0.353
4.186
2.853
2.304
1.663
0.683
-0.064
0.499
7.210
3.272
2.870
2.578
0.342
2.685
2.273
5.117
4.059
0.844
1.014
1.533
6.464
4.825
2.618
2.314
-0.294
4.591
4.400
8.237
5.465
4.783
3.620
7.851
3.036
2.812
4.237
4.635
3.171
6.022
3.041
2.153
2.451
1.874
4.562
3.228
8.348
18.075
-0.250
1.617
2.851
1.187
16.364
6.000
6.726
8.816
6.837
8.929
13.901
15.427
2.159
-0.394
-0.929
1.517
-0.753
1.913
9.576
16.124
4.127
-1.302
0.397
16.548
2.845
4.314
4.435
4.960
5.524
12.726
15.351
2.775
1.593
0.378
-0.464
1.985
1.473
15.438
28.889
2.250
1.766
1.149
20.434
2.480
5.927
4.229
6.857
7.770
15.001
11.424
2.893
1.761
1.994
0.376
1.579
-1.569
-0.831
8.780
5.131
2.761
2.463
1.300
-0.226
0.741
1.413
4.053
1.135
1.206
5.206
1.217
-0.008
-0.528
-0.238
-0.021
0.236
0.278
1.927
1.243
1.615
1.041
0.429
-0.041
0.677
0.054
0.653
0.105
0.431
0.348
2.549
2.468
2.350
1.522
1.689
1.940
1.600
3.116
1.642
1.839
3.386
2.229
1.421
2.161
3.044
2.843
1.699
1.482
3.164
-2.367
-0.485
3.118
1.686
3.210
-0.253
2.330
3.043
3.880
-0.390
2.013
-0.099
1.775
0.087
-0.081
0.878
0.383
-0.544
-0.228
-0.987
-1.672
-1.175
-2.615
-1.420
-2.201
-2.253
0.008
2.226
-1.379
-0.953
-1.435
-2.020
-0.887
0.629
-0.985
-1.628
-1.303
-0.947
6.159
4.557
1.225
0.640
0.346
14.636
21.149
6.316
5.592
3.422
3.698
19.264
3.965
4.354
5.163
5.709
5.173
8.619
10.915
5.798
4.104
2.176
1.337
0.741
0.881
0.070
3.883
4.180
5.119
3.090
3.620
3.320
3.527
4.283
3.809
3.606
4.937
3.636
6.856
4.872
1.120
0.263
1.979
5.436
16.219
5.200
6.253
3.897
3.668
9.493
4.693
4.684
5.785
5.829
7.514
9.973
6.762
2.719
0.747
-2.650
-0.705
-3.088
-1.113
3.110
12.917
4.536
1.975
0.115
8.041
1.741
2.530
2.188
2.426
3.648
8.368
2.663
2.485
1.122
0.772
-0.494
0.228
-0.582
-0.479
0.616
1.793
2.078
1.946
1.401
-0.154
0.100
0.894
-1.578
0.283
0.522
0.517
3.100
1.837
-1.028
0.835
-0.091
5.571
10.058
6.818
2.516
1.401
1.881
6.071
3.152
2.850
3.739
4.166
3.068
2.460
7.435
1.162
1.147
0.733
0.138
0.321
0.179
-0.425
0.052
1.052
1.402
1.023
1.077
0.065
1.103
0.253
1.126
1.185
0.166
1.136
0.498
-0.432
0.058
0.011
-0.479
0.102
-0.309
0.544
0.310
0.052
0.327
-0.104
0.853
0.155
0.874
0.348
-0.416
-0.138
0.419
2.466
3.231
2.875
3.513
0.831
6.931
7.414
9.145
2.599
3.720
2.419
6.875
2.637
3.721
3.619
3.776
3.046
3.509
3.981
1.464
0.522
0.662
0.149
0.173
-0.283
0.160
0.461
4.305
0.866
0.793
0.276
0.201
0.558
-0.135
1.101
0.350
-0.310
1.091
2.008
0.489
-1.461
0.578
-0.815
0.726
0.433
0.993
-0.529
1.440
0.249
1.021
1.095
0.957
2.015
1.009
0.841
1.471
1.143
2.621
2.410
0.485
-0.207
1.230
0.531
1.206
4.740
2.092
1.151
1.632
0.536
1.669
1.005
1.772
1.540
0.414
0.680
2.083
2.735
1.189
-0.194
-0.778
-0.372
-0.643
-1.841
-1.195
4.772
1.557
0.810
0.854
-1.333
1.472
0.618
2.197
0.682
-0.900
-0.338
0.392
-0.594
-1.519
-1.295
-1.945
-2.460
-0.410
-0.811
-0.179
-0.575
-1.060
-0.885
-0.913
-1.361
-0.521
-1.306
-2.030
-1.486
-0.267
5.752
4.087
4.602
3.798
-0.375
2.230
5.021
5.177
5.121
5.103
3.166
5.347
3.956
3.756
4.856
4.549
3.373
3.655
4.192
0.546
0.245
0.202
0.090
0.242
0.157
0.143
1.108
0.153
0.225
0.359
0.029
0.382
-0.243
-0.442
-0.306
0.093
-0.041
0.438
2.980
4.674
3.076
4.705
2.921
2.916
3.055
7.671
3.349
4.554
3.175
3.005
2.728
2.593
3.069
2.864
3.009
2.900
3.204
1.686
0.586
0.674
-1.702
1.327
-1.958
-2.085
4.598
-0.917
1.851
1.581
0.751
1.572
0.619
1.389
3.178
2.075
-0.196
4.173
1.080
0.481
0.580
0.427
0.617
0.137
0.342
0.319
1.861
0.619
0.280
0.743
0.428
-0.048
0.173
1.439
1.084
0.105
0.577
1.933
1.240
0.730
0.874
1.327
0.580
0.733
1.050
3.585
1.148
1.400
1.170
0.620
0.360
0.556
1.521
1.655
0.290
1.473
1.506
0.415
-0.950
-0.616
-1.387
-1.786
2.072
2.390
-0.325
1.052
-0.496
3.391
1.148
-0.009
2.270
0.157
-0.027
0.082
1.744
3.979
2.625
2.771
6.994
3.772
7.544
29.790
37.923
3.913
3.541
2.298
31.655
7.268
11.888
6.537
11.847
8.838
14.220
22.189
1.877
1.656
2.254
0.416
1.963
0.311
1.180
3.734
1.127
1.323
2.076
1.205
1.038
0.966
1.852
1.589
1.202
1.445
0.695
0.984
0.040
-1.707
1.265
-1.700
-0.639
4.592
11.896
1.166
0.554
-0.619
6.182
2.032
1.592
4.358
3.613
-0.306
-1.280
5.869
3.787
2.344
0.700
-0.526
2.040
7.346
18.456
3.289
3.024
2.178
1.705
12.137
3.497
5.698
4.675
4.783
7.528
11.565
7.517
0.965
0.538
-0.098
0.518
-0.154
0.326
-0.067
1.085
3.118
0.537
0.436
0.464
1.232
0.318
1.233
0.850
0.760
0.032
0.820
5.217
4.470
3.097
1.589
2.013
1.291
0.078
2.132
4.323
4.551
4.306
0.977
4.677
4.748
5.684
6.204
4.735
5.176
3.209
2.354
0.347
2.301
1.033
2.248
-1.704
0.037
5.237
7.405
1.085
0.229
0.778
0.732
-0.112
1.156
1.574
1.123
0.226
1.052
2.650
1.792
2.624
1.214
2.005
1.237
1.566
1.799
2.477
3.271
2.236
1.228
2.260
1.855
2.381
2.147
1.394
1.403
2.306
-0.087
0.321
0.097
-0.336
0.173
-0.187
-0.027
-0.309
1.086
0.285
0.332
-0.010
-0.236
-0.170
0.388
0.246
-0.302
-0.444
0.053
2.016
1.004
0.494
-0.104
-0.244
0.136
0.188
1.914
1.474
0.827
0.959
-1.269
0.977
0.722
0.996
1.018
-0.072
-0.133
0.518
0.096
-0.150
1.562
0.984
1.187
0.507
-0.098
-0.577
-0.870
0.237
0.110
0.476
0.570
-0.046
1.601
0.472
-0.942
-0.584
0.426
2.710
4.465
2.473
4.463
1.946
2.498
3.387
5.173
3.720
4.508
2.759
2.707
3.767
3.563
3.603
4.241
2.208
2.415
3.867
4.388
2.943
1.612
1.217
0.497
1.523
2.863
4.306
4.099
3.080
2.661
1.504
3.569
2.434
5.038
4.151
1.630
1.972
2.277
7.083
5.215
1.200
0.293
1.323
7.653
17.879
9.266
5.870
3.881
3.595
11.786
5.039
3.670
6.261
5.774
6.076
9.544
6.365
1.784
0.395
4.999
1.648
3.291
11.430
21.525
7.677
2.450
2.052
1.576
17.246
5.699
7.649
7.755
8.554
9.900
15.890
17.665
1.708
0.308
2.649
3.122
2.752
3.845
13.115
24.837
5.747
-0.803
1.357
16.469
4.107
5.506
5.562
6.633
9.970
13.133
17.390
1.909
7.669
11.860
10.561
14.138
30.783
44.885
5.819
4.373
9.153
4.884
33.911
8.580
16.435
13.112
16.477
21.223
27.242
32.518
0.765
0.047
0.473
5.603
0.778
3.479
12.025
35.570
2.763
0.592
3.426
14.860
-1.067
5.991
0.179
6.816
7.937
11.057
15.381
1.992
0.881
1.888
1.226
0.212
1.309
1.069
1.899
1.811
3.280
1.822
0.772
1.956
1.486
1.433
1.316
0.630
1.109
2.073
0.298
-0.403
0.833
-1.198
0.913
-1.055
-0.899
-0.352
2.244
1.027
1.300
1.157
-0.793
-0.457
0.040
0.590
-0.328
-0.201
0.482
9.547
22.677
30.642
27.938
26.172
36.517
47.402
21.789
13.624
19.672
14.202
37.051
23.364
26.704
23.656
27.817
31.021
36.911
46.130
2.553
1.264
1.943
-0.511
1.600
-0.056
4.682
4.911
4.528
2.107
1.984
1.590
8.361
1.198
2.292
2.555
2.452
3.312
4.617
5.777
3.606
1.843
1.566
4.038
11.755
21.203
4.989
4.548
2.683
2.781
15.531
4.279
5.559
6.213
5.556
9.653
14.926
9.592
3.117
1.857
-0.049
0.446
-0.214
-0.100
2.602
5.199
3.863
1.766
2.050
1.882
3.731
1.077
1.880
3.727
4.203
0.099
2.113
5.195
3.778
1.443
0.059
0.082
5.114
7.326
3.774
4.918
3.526
3.211
6.677
4.300
4.034
5.775
5.338
3.177
3.683
4.611
5.354
3.590
1.370
0.715
0.219
0.719
-0.065
6.266
4.888
3.364
3.370
1.356
3.773
2.793
4.963
4.426
3.072
2.779
2.394
1.059
0.638
-0.617
-1.106
-1.283
-1.457
-1.185
0.178
-0.356
0.814
0.232
0.192
-0.456
0.098
-0.087
-0.061
-0.739
-0.341
0.567
3.774
2.749
2.664
2.451
-0.081
3.522
5.662
3.593
3.767
3.341
2.709
5.093
3.565
3.182
4.447
3.608
2.747
2.823
5.018
0.015
0.018
0.726
-0.108
0.437
-0.240
-0.296
-0.034
0.209
-0.554
0.035
-0.037
-0.150
-0.186
-0.287
0.343
0.243
-0.316
-1.094
2.924
4.020
2.984
4.061
2.889
2.914
2.928
4.697
2.938
3.786
2.923
2.937
2.910
2.812
3.027
2.919
2.294
2.208
3.020
3.441
4.352
3.709
4.323
3.573
3.658
3.703
5.602
3.650
4.659
3.539
3.680
3.616
3.608
3.787
3.683
3.608
3.530
3.776
1.221
-0.232
0.163
-0.520
1.247
-0.528
-0.056
0.219
2.498
-0.258
0.181
0.004
0.854
-0.242
0.686
0.534
0.305
1.266
0.484
0.602
-0.036
-0.244
-1.152
-0.964
-1.471
-0.802
-1.740
0.990
0.175
-0.130
-0.173
-0.663
-0.006
-0.508
0.220
-0.850
-1.361
-0.119
0.073
-0.659
-2.079
-0.659
-2.311
-1.392
-0.835
-0.738
0.577
-0.763
-0.779
-0.875
-0.074
-0.622
0.103
-0.328
-1.008
-0.905
-0.504
5.983
4.823
3.257
2.702
3.507
1.698
1.583
7.729
5.505
4.418
4.386
2.125
4.955
5.065
6.703
6.706
5.088
5.023
4.563
2.106
1.725
1.286
0.049
0.361
0.689
1.600
2.704
1.612
1.545
1.398
-0.067
1.997
0.940
2.299
1.675
0.715
0.794
1.710
1.383
0.194
-0.897
-0.189
0.328
-0.770
-0.459
2.916
1.226
1.057
0.148
-0.211
-0.281
1.001
0.745
2.357
0.306
-0.800
-1.714
-0.060
-0.285
-0.057
-0.342
0.007
-0.330
-0.228
0.050
-1.338
-0.042
-0.068
-0.001
-1.007
-0.019
-0.188
-0.091
-0.353
-0.727
0.177
-0.064
-0.121
0.225
-0.346
-0.209
-1.221
-0.166
-0.381
0.482
0.620
0.059
-0.112
-0.074
-0.168
0.116
0.254
-0.560
-0.771
0.129
0.672
0.918
3.480
0.783
4.144
0.506
0.208
0.649
4.222
0.681
1.797
0.610
0.193
0.775
1.642
1.194
0.634
0.718
0.104
0.355
-0.588
-0.572
-0.835
-0.888
-1.035
-0.751
-0.574
1.881
0.047
-0.360
0.013
-0.694
-0.304
-1.234
-0.220
-0.936
-0.594
0.195
0.776
0.868
-0.081
0.694
-0.130
0.586
0.187
-1.140
-0.207
1.268
0.609
0.699
0.719
0.305
0.399
0.168
0.005
0.460
0.737
4.880
3.471
0.937
2.693
1.774
4.491
17.897
5.636
4.652
2.855
2.805
7.966
4.085
4.969
5.646
6.135
5.054
9.581
7.048
0.968
2.163
-0.780
2.429
-1.046
-0.797
-0.407
2.905
-1.016
0.866
0.073
-0.421
-0.017
-0.056
0.368
0.232
-0.202
0.400
-0.434
1.603
1.416
4.857
5.904
4.017
4.514
9.003
23.482
5.004
3.110
0.536
10.423
1.194
6.480
4.201
8.512
5.481
5.354
12.299
5.282
3.766
1.387
0.738
1.428
5.957
16.794
5.543
4.493
3.039
3.001
9.149
3.380
4.031
5.792
5.785
5.378
9.934
4.647
2.040
2.188
4.256
2.352
1.405
20.052
19.769
4.575
-0.128
0.962
0.720
23.755
2.807
2.141
2.105
2.078
2.726
1.978
16.345
5.613
4.384
3.785
1.729
3.229
1.067
4.966
2.116
4.854
4.948
4.858
1.724
4.923
4.688
5.942
4.845
5.608
5.861
4.056
2.608
1.196
1.380
-1.282
1.069
-1.202
0.143
0.122
5.292
1.946
1.631
1.218
0.828
0.981
0.841
1.528
1.166
0.898
1.351
2.756
1.976
1.840
1.385
1.761
1.044
1.218
1.250
2.982
3.045
2.464
0.472
2.623
2.297
3.445
2.737
1.323
1.671
2.029
-0.011
0.014
-0.181
-0.874
-0.564
-0.827
-1.264
-1.556
1.719
-0.210
1.630
-0.684
-0.545
-0.727
-0.380
-0.378
-0.913
-1.519
-0.760
0.457
-0.236
-0.976
-0.379
-1.272
-1.267
-1.551
4.634
0.245
-0.172
-0.306
-0.892
0.237
-0.097
-0.163
-0.024
-0.788
-0.890
0.108
1.324
0.697
0.874
0.069
1.514
-0.601
-0.164
-0.197
0.469
2.691
0.846
0.490
0.048
0.671
0.942
1.134
1.342
-0.230
1.018
5.456
4.013
1.843
1.598
0.775
2.980
5.523
7.620
4.649
3.128
3.178
3.270
4.056
3.435
4.898
3.842
3.611
3.807
3.927
6.172
4.145
3.101
2.453
2.258
6.267
13.256
9.155
5.483
3.241
3.320
14.418
3.635
5.447
5.807
6.007
6.911
11.883
4.973
6.832
4.629
2.959
1.662
0.753
7.626
9.368
5.271
6.196
4.072
3.884
10.937
3.198
4.222
5.945
4.854
5.697
9.370
3.978
7.158
5.225
1.162
1.861
1.610
11.896
20.596
7.957
6.152
3.878
4.067
15.793
5.189
4.858
6.879
6.757
6.877
9.689
9.432
1.944
1.462
6.414
4.145
4.671
6.815
25.847
3.193
2.672
3.086
2.266
13.433
7.004
5.362
7.978
13.234
6.264
20.894
17.407
2.119
0.347
-0.810
-0.979
-0.818
-1.226
4.785
4.928
3.349
0.991
-0.088
4.381
1.680
2.079
3.815
3.343
0.375
0.283
7.962
-0.881
3.060
-0.412
2.672
-0.442
-0.363
0.644
3.962
0.280
2.717
-0.146
0.289
-0.530
-0.016
-0.025
0.770
-0.140
-1.563
-0.630
0.630
-0.073
1.360
-0.266
1.321
-1.041
-2.006
-1.578
-0.817
1.102
2.534
-0.108
-1.596
-0.485
1.448
0.230
-0.187
-0.331
0.093
2.567
1.373
0.841
-0.514
0.791
-0.321
2.563
1.084
7.001
1.233
0.430
1.136
2.636
2.294
-0.302
3.140
0.024
0.529
2.659
6.985
4.887
1.334
0.501
0.084
4.766
18.910
7.407
5.688
3.597
3.850
8.272
4.447
3.980
5.912
5.428
4.525
5.307
8.197
4.204
2.083
1.019
0.281
2.167
-0.180
-0.185
0.598
2.606
3.581
3.473
1.888
-1.230
2.671
1.786
4.524
3.380
0.875
1.115
6.602
5.195
4.486
1.419
4.189
1.823
4.304
6.807
6.090
4.612
4.209
0.985
5.024
4.689
6.378
5.191
5.149
5.514
3.674
6.903
5.422
5.555
2.265
4.803
2.125
4.266
8.999
6.268
5.274
4.993
4.656
5.641
5.014
7.112
6.437
4.338
3.482
3.641
3.314
2.252
2.256
1.562
2.305
1.952
3.173
3.026
2.334
2.838
2.239
2.331
3.384
1.846
2.314
2.067
2.143
2.088
3.209
3.612
2.765
1.845
0.674
0.987
0.306
0.129
0.305
3.443
2.920
2.462
0.863
2.991
2.495
3.998
3.399
1.956
2.112
2.619
2.012
0.950
2.179
1.203
1.653
1.372
1.325
1.360
1.228
1.517
1.498
1.401
1.311
1.060
1.094
1.211
0.637
1.185
1.683
1.355
0.913
0.972
0.224
0.463
0.465
0.175
0.172
4.647
0.896
1.399
0.582
0.347
0.446
0.247
0.703
0.875
0.099
0.340
0.553
0.261
0.612
0.107
0.430
0.250
0.134
0.383
-0.551
0.384
0.629
0.513
0.200
0.527
0.377
0.666
0.081
-0.023
0.489
0.914
0.529
0.191
0.122
-0.101
-0.177
-0.131
0.662
2.634
0.436
0.110
0.431
0.035
0.485
-0.117
0.430
-0.277
-1.076
-0.010
4.290
2.696
2.553
6.827
3.701
3.597
2.872
7.205
3.528
3.279
2.740
3.308
4.521
4.228
6.211
4.822
4.397
4.502
5.866
2.261
2.119
1.986
1.186
1.634
0.660
0.224
1.199
2.135
2.396
1.562
0.745
2.101
1.648
2.207
2.086
1.428
1.589
2.041
1.011
0.711
-0.582
0.355
-1.018
-0.384
-0.524
5.031
0.494
1.227
0.199
-0.373
0.433
-0.111
0.522
0.092
-0.544
-0.527
0.203
2.390
1.479
2.188
-0.205
0.909
1.782
1.941
3.033
1.796
0.857
1.298
1.715
2.153
1.371
2.356
1.888
0.709
1.234
1.978
3.652
2.109
0.634
-1.036
0.911
2.591
0.722
3.214
2.701
0.729
1.278
2.830
2.174
2.035
4.171
2.695
1.409
1.901
3.308
1.866
1.654
1.131
0.760
0.957
0.784
1.377
1.374
2.439
0.898
1.096
1.308
1.365
1.100
0.400
2.516
1.737
0.525
0.808
2.377
1.166
2.275
1.680
4.232
3.416
6.551
14.305
2.932
0.903
0.533
10.415
2.792
7.384
5.248
6.862
6.799
12.314
7.816
0.020
0.305
0.168
0.079
-0.516
0.252
0.469
-0.066
0.079
0.782
-0.012
0.270
-0.277
-0.374
-0.287
0.210
-0.735
-0.506
0.405
1.166
0.413
1.479
0.059
1.119
-0.367
-0.469
0.046
2.952
1.125
0.005
-0.131
0.205
0.201
0.518
0.719
-0.067
-0.045
-0.397
1.096
0.611
1.199
0.699
0.967
1.063
0.851
0.903
-0.879
0.857
1.220
1.211
0.940
0.665
0.586
0.815
0.515
0.194
1.096
0.839
0.564
0.726
0.150
0.558
-0.027
-0.199
1.298
0.287
0.357
0.607
0.003
0.639
0.053
0.169
-0.201
-0.013
0.300
0.733
1.715
0.592
1.123
-0.887
0.564
-0.942
-0.557
-0.505
1.162
0.502
2.706
0.900
-0.632
-0.322
-0.375
-0.238
0.435
-0.193
-0.394
1.876
0.890
1.128
-0.020
0.627
-0.192
2.114
2.840
3.029
0.826
1.159
0.834
2.551
0.923
0.358
2.484
0.649
-0.116
2.949
4.990
3.239
1.399
-0.109
1.015
10.033
20.383
3.859
4.527
2.248
2.315
16.025
3.632
5.371
4.845
5.365
6.822
8.629
9.023
2.955
1.749
0.738
0.108
1.126
1.480
1.029
2.123
6.076
2.685
2.119
1.757
0.273
1.711
0.864
1.513
0.670
0.612
2.490
3.769
2.663
0.577
0.139
-0.589
-0.304
0.121
6.991
2.756
2.010
1.939
0.174
3.095
2.291
4.992
3.703
0.942
0.937
2.342
5.165
3.160
1.577
0.759
2.516
4.321
12.268
6.087
4.053
2.618
2.528
8.933
3.471
5.101
5.163
7.212
7.301
7.838
7.166
2.047
1.307
1.032
-0.170
0.609
-1.215
0.206
0.109
4.022
0.682
0.806
0.728
0.200
0.874
0.517
1.775
1.336
0.100
0.785
5.698
4.724
3.781
1.949
3.812
1.157
2.127
3.108
4.978
4.501
4.708
0.867
4.252
5.237
7.098
5.751
4.698
5.378
2.958
1.986
0.891
1.454
0.152
0.666
-0.791
10.782
8.851
2.118
1.103
2.107
0.682
11.529
0.551
2.279
2.200
1.514
1.562
9.840
2.235
1.873
1.985
1.211
1.479
1.544
1.274
1.970
2.261
2.862
1.947
1.646
2.431
2.319
2.611
2.330
1.666
0.371
2.704
0.856
0.890
0.818
0.490
-0.124
-0.230
0.467
2.971
-0.902
-1.085
0.671
-0.147
0.783
0.220
1.176
1.023
-0.167
-0.695
0.470
4.777
14.450
13.426
16.677
12.719
15.462
17.384
10.611
6.273
14.168
7.691
15.299
11.920
14.150
12.965
12.263
14.732
12.583
17.344
0.766
-0.483
-1.135
-1.464
-1.959
-2.101
-1.268
-0.959
1.142
-0.420
-0.481
-0.173
-1.173
0.045
-0.814
0.811
-0.240
-1.687
-1.566
4.313
3.286
2.950
2.344
4.607
1.731
-0.381
1.843
8.178
3.820
3.303
3.248
3.213
3.170
6.493
3.955
1.938
2.215
2.842
6.249
4.812
2.171
2.328
-0.011
3.000
5.486
8.118
5.667
3.947
3.909
8.310
3.258
3.779
5.429
4.829
4.358
6.165
4.014
6.158
4.552
4.171
3.407
0.273
3.821
6.586
6.566
5.682
4.007
3.901
5.601
4.574
3.852
5.815
5.095
4.230
4.602
4.410
3.526
1.903
-1.399
-0.312
-1.920
0.095
2.362
7.161
6.508
2.451
1.008
2.970
2.189
3.264
4.146
4.925
4.550
6.961
4.734
1.931
-0.141
1.725
1.260
2.748
7.716
14.780
5.292
1.418
1.465
0.577
11.243
3.184
3.732
4.188
5.766
5.676
9.997
11.548
5.513
4.086
0.974
1.138
0.591
3.754
10.187
7.233
4.956
3.382
3.435
6.216
3.963
3.837
5.771
4.410
3.927
5.014
3.945
1.669
0.878
-0.107
-0.302
-0.648
0.978
0.684
4.637
1.835
1.656
0.728
1.062
0.804
0.669
1.937
0.554
0.140
-0.264
0.973
0.146
-0.294
-0.456
-0.431
-0.861
-1.134
-0.098
-0.866
-0.081
-0.448
-1.066
-0.097
-0.854
-0.448
-0.397
-0.522
-0.196
0.048
-0.175
0.031
0.028
-0.023
-0.115
-0.407
-0.029
-0.237
-0.627
0.298
-0.041
-0.244
-0.036
-0.208
-0.263
-0.590
-0.961
-0.234
-0.153
0.209
1.997
1.307
0.049
1.766
0.157
-0.565
1.442
2.839
1.943
1.236
0.958
0.088
1.056
1.824
0.859
1.443
1.236
0.760
1.657
0.429
-0.127
-0.459
-0.583
-0.449
-0.352
-0.316
-0.338
0.240
0.098
-0.097
-0.345
-0.033
-0.086
-0.184
-0.489
-0.178
-0.001
0.079
0.551
0.615
1.007
0.565
2.249
-0.077
1.260
2.007
-0.106
0.940
0.318
1.926
0.073
2.140
0.416
0.535
2.021
2.005
1.861
0.347
0.388
0.457
0.263
0.110
0.190
0.249
0.471
5.560
0.386
0.469
0.232
0.289
0.129
0.233
0.497
0.102
-0.027
0.306
0.112
-0.071
0.082
-0.148
-0.149
-0.319
-0.564
0.080
-0.032
-0.036
-0.012
-0.345
0.116
-0.027
-0.397
-0.250
-0.022
-0.046
0.096
0.124
0.334
0.258
0.410
0.266
0.208
0.287
-0.667
0.119
0.184
0.246
0.251
0.008
-0.148
-0.704
-0.474
-0.015
-0.193
0.262
-0.128
0.208
2.050
1.487
0.626
1.010
0.839
0.968
-0.295
0.413
2.053
1.686
1.284
1.354
-0.031
0.142
0.027
1.426
0.135
0.493
0.271
-0.294
-1.221
-0.955
-0.997
-0.752
-1.413
2.621
0.610
-0.334
-0.594
-0.626
-0.272
-0.426
-1.091
-0.763
-0.604
-0.065
1.113
0.812
0.912
0.298
0.571
-0.340
-0.278
1.521
0.680
0.585
0.662
0.034
0.805
0.599
1.701
1.070
0.290
0.161
0.234
4.930
3.350
1.906
0.534
3.306
0.717
-0.227
0.814
5.297
4.671
2.870
2.904
3.811
3.448
4.794
3.939
2.517
3.723
2.473
2.492
1.342
0.334
0.307
-0.397
-0.086
1.164
2.217
2.221
2.109
1.713
1.508
0.995
2.294
1.707
2.481
2.425
0.240
2.051
6.730
4.892
1.680
-0.000
0.060
2.561
6.280
5.150
6.032
4.933
3.882
5.767
3.635
3.905
5.292
4.615
4.105
6.095
2.601
4.178
2.525
1.713
-0.734
1.253
0.267
5.984
12.512
3.604
2.966
1.763
2.323
6.069
3.163
3.505
2.456
0.990
3.586
5.038
8.609
6.819
5.649
3.079
4.411
2.874
1.700
9.660
7.557
6.841
6.182
2.741
6.452
6.022
7.525
7.375
5.263
5.324
4.924
7.268
5.986
3.988
3.125
2.830
2.765
1.218
7.258
6.861
5.718
5.317
2.215
5.451
5.045
7.009
6.067
3.979
5.205
3.950
2.572
2.452
2.385
1.025
1.788
1.836
3.065
3.158
1.313
2.838
1.924
2.214
2.875
1.545
1.848
1.064
1.124
0.837
3.236
3.919
3.328
2.693
0.805
1.773
0.380
2.538
7.814
3.651
4.226
2.912
1.482
3.059
2.548
4.537
4.037
2.049
3.054
3.166
1.392
0.767
0.576
0.346
0.097
-0.286
1.080
1.344
0.507
0.601
1.002
1.181
1.317
0.357
1.376
1.110
0.189
0.000
1.535
0.319
0.333
0.630
0.157
0.617
0.149
-0.198
0.011
1.027
0.304
0.695
0.024
-1.369
0.173
0.007
0.610
0.666
-0.162
-0.263
0.998
2.071
3.187
1.091
3.833
0.568
-0.006
5.982
1.396
2.487
1.848
0.486
1.357
1.187
1.800
1.695
0.861
1.060
1.494
-0.037
-0.239
-0.074
-0.607
-0.539
-0.407
-0.301
-0.359
-0.228
-0.078
-0.063
-0.019
-0.266
0.025
-0.399
-0.329
-0.438
-0.461
0.054
2.551
1.947
1.813
0.872
-0.215
0.356
-0.150
1.371
2.331
1.874
1.781
0.728
2.011
1.260
2.317
1.518
0.855
0.958
1.198
4.590
2.555
2.295
1.569
0.907
1.369
8.448
13.468
3.838
3.893
2.031
13.597
4.026
2.287
4.574
2.482
5.081
5.900
6.018
0.830
0.617
1.348
-0.025
1.261
-0.569
-0.257
0.115
-1.074
0.571
1.353
0.643
-0.159
0.344
0.108
0.420
0.431
0.094
0.620
5.136
3.664
1.454
1.124
1.252
7.307
9.262
3.770
4.736
3.839
3.212
10.093
3.115
5.155
4.803
6.077
5.409
11.766
6.164
-0.159
-0.750
0.321
-0.972
-0.005
-1.014
1.785
1.806
-0.345
-0.143
-0.179
1.050
0.254
-0.662
0.662
-0.471
-0.847
-0.679
0.959
0.967
1.334
0.669
0.378
-0.005
0.060
0.017
0.556
2.576
1.503
0.932
1.352
0.184
0.966
-0.509
0.576
0.309
0.528
0.993
0.180
1.300
0.001
1.200
0.272
0.263
0.354
-1.190
0.371
1.349
0.512
0.279
0.512
0.093
0.246
-0.057
-0.218
-0.185
0.611
0.997
0.684
1.162
0.480
1.181
0.897
0.521
1.117
1.840
0.458
0.527
0.543
0.862
0.207
0.635
0.482
0.365
0.462
0.791
0.898
0.206
-0.730
-0.004
-0.459
-0.020
0.513
2.564
0.297
0.124
0.179
0.067
0.465
-0.247
0.421
-0.330
-0.830
-0.955
0.703
1.532
1.966
3.688
0.355
5.032
0.454
0.244
0.815
6.178
1.776
4.677
1.346
0.366
0.848
2.137
1.307
0.374
-0.153
0.616
1.686
1.202
-0.144
0.340
-0.117
2.287
1.911
1.460
1.871
1.041
0.661
2.249
0.907
1.014
1.321
1.104
0.318
0.229
2.083
5.365
4.188
3.281
1.825
0.562
2.308
11.428
7.239
4.956
4.323
3.803
7.015
4.312
3.322
4.982
4.824
3.867
4.589
2.163
5.149
3.012
1.172
-0.995
2.828
9.214
13.460
4.699
2.448
1.163
0.850
12.821
2.694
3.267
2.703
2.284
4.565
3.247
8.549
0.734
0.303
0.391
-0.254
-0.075
-0.508
-0.157
-0.981
-0.750
0.233
0.203
0.577
-0.151
0.237
-0.464
-0.424
-0.084
-0.015
0.357
2.369
1.193
0.733
0.768
0.239
0.330
0.790
1.988
1.820
0.994
1.502
0.441
0.782
0.959
0.100
0.064
0.118
0.889
0.403
1.904
0.589
-1.943
0.747
-0.006
1.266
10.601
15.387
2.827
0.514
-1.189
11.520
1.957
3.263
4.364
4.043
6.397
11.384
8.767
1.221
1.179
0.337
-0.958
-0.532
-1.028
-0.455
-0.339
0.464
1.050
0.813
0.546
0.024
0.906
0.468
0.786
0.921
0.548
0.859
5.296
3.584
0.799
-0.073
0.172
1.280
8.342
5.440
4.676
2.937
2.825
2.394
3.782
3.758
4.324
4.683
4.155
6.108
5.109
1.885
1.322
0.635
-0.487
0.351
0.265
-0.343
-0.302
2.175
1.129
0.842
1.518
0.733
-0.096
0.442
0.313
-0.038
0.328
0.910
1.765
1.797
1.127
-0.251
0.574
-0.236
5.160
4.639
3.374
1.260
2.511
0.785
9.968
2.050
0.807
2.474
1.774
3.529
2.175
1.211
0.504
0.624
-0.605
0.184
-0.496
-0.002
1.473
-1.449
1.032
1.592
0.301
1.474
1.050
0.936
0.087
0.506
1.303
1.280
0.925
2.347
0.607
2.800
0.798
3.247
10.315
2.011
-0.080
0.737
-0.039
8.445
1.696
2.798
1.684
2.101
1.334
1.622
5.011
3.413
2.289
5.682
6.595
5.933
4.669
15.767
16.802
9.769
0.775
3.225
14.505
6.858
7.825
6.803
7.667
6.291
7.323
11.566
2.383
1.185
-0.966
-2.477
-1.411
-0.691
4.991
8.993
1.031
1.229
0.873
10.061
1.657
1.079
3.391
2.035
3.841
7.933
2.232
2.030
1.142
0.695
1.833
1.041
1.141
1.341
3.619
6.186
1.570
1.645
0.717
1.670
1.024
1.491
0.115
1.893
2.522
0.875
4.727
3.683
1.318
-0.241
-0.035
2.837
4.172
3.013
4.120
3.011
2.868
4.768
3.514
2.946
5.232
4.614
3.103
4.272
5.062
0.497
-0.724
0.619
0.620
1.778
1.097
6.736
6.073
4.540
0.050
0.064
7.329
-0.064
1.443
1.074
1.864
-0.126
1.790
3.405
-0.004
0.806
-0.705
0.458
-0.870
-1.057
-0.634
-1.339
-0.384
-0.112
0.010
-0.726
-0.082
-0.379
0.206
0.032
-0.537
-1.183
-0.137
0.367
0.347
0.492
-0.233
0.077
-0.806
0.040
0.733
0.351
0.400
0.924
0.498
0.572
0.006
0.546
0.310
-0.074
-0.172
0.574
2.629
4.793
3.923
5.998
2.431
5.893
5.630
5.810
2.035
3.397
2.851
5.413
4.112
3.321
6.719
4.963
2.702
2.924
6.351
0.413
0.443
0.688
-0.332
0.277
-0.574
-0.067
0.541
2.244
0.186
0.660
0.396
0.002
0.185
1.023
0.553
-0.486
-0.641
-0.110
3.896
2.827
1.322
1.055
0.055
0.512
1.325
6.061
3.355
3.450
2.298
0.780
2.287
1.674
4.108
3.181
1.235
1.344
1.110
6.687
5.067
3.921
2.783
0.037
1.211
5.844
9.620
5.933
5.662
4.035
2.321
4.736
3.863
6.104
5.518
3.830
7.559
3.305
2.310
2.646
3.711
4.223
4.115
6.103
15.918
2.395
1.767
1.811
0.801
10.002
4.229
8.176
7.292
9.073
10.569
12.750
14.313
1.543
-1.485
-1.614
0.438
1.408
9.464
19.327
2.664
0.161
-0.803
-0.128
10.791
1.411
4.214
2.222
4.517
6.095
9.337
11.407
5.017
4.036
3.238
1.592
1.783
0.963
4.565
2.728
4.832
4.259
3.859
2.714
4.240
4.176
5.426
4.713
3.935
4.648
3.814
3.259
2.462
0.539
0.554
-0.021
3.502
2.683
5.441
2.259
1.115
1.770
4.182
3.146
1.364
4.469
2.526
1.382
0.806
3.203
2.166
2.184
1.842
1.540
1.105
1.029
1.326
2.267
2.157
2.067
1.924
0.743
2.407
1.896
2.919
2.150
1.682
1.900
2.047
0.206
-0.755
-0.748
-1.697
-1.102
-1.523
5.007
3.646
0.725
0.118
-0.565
4.365
-0.845
0.557
-0.279
0.516
0.943
1.605
3.653
-0.059
0.023
0.236
-0.237
0.189
-0.543
-0.705
-1.318
-0.679
0.215
0.053
-0.453
-0.046
-0.338
-0.145
-0.068
-0.127
-0.271
0.128
0.325
0.310
0.269
-0.112
-0.058
-0.073
0.060
0.127
0.925
0.680
-0.113
0.295
-0.187
-1.184
-1.130
-0.587
-0.185
0.167
0.112
-0.024
-1.584
0.250
0.125
-1.558
0.105
0.118
0.113
-2.155
0.184
0.156
0.102
0.125
-1.631
-1.701
-1.667
0.087
-1.687
0.158
1.382
2.750
2.345
2.310
2.277
2.249
2.428
6.144
3.152
2.971
2.836
2.481
2.971
2.787
2.946
2.725
2.585
2.611
3.041
2.308
0.816
0.643
0.373
0.320
0.028
0.082
3.303
0.927
0.622
0.640
0.446
0.513
0.509
0.589
0.652
0.343
0.309
0.849
1.107
0.901
1.390
1.225
1.342
1.189
0.868
1.294
1.197
1.416
1.287
0.915
0.865
0.812
1.388
1.154
0.755
0.524
1.101
0.019
0.916
2.347
-0.221
3.609
-0.051
-0.251
0.018
4.741
0.980
2.912
0.502
0.395
0.271
1.012
0.741
0.884
1.359
1.188
0.995
-0.023
-0.660
-1.865
-0.787
-1.390
-0.383
1.141
-0.789
0.378
0.168
-0.066
0.623
0.806
-0.335
0.786
-0.196
-0.020
1.020
-1.139
-2.828
-3.878
-3.559
-3.216
-3.228
-3.206
1.235
-0.418
-1.634
-1.582
-2.726
-1.113
-1.798
-0.537
-1.170
-1.993
-1.019
-0.986
3.395
2.193
0.284
-0.393
0.094
1.416
0.625
2.756
3.247
1.908
1.664
0.707
2.832
1.980
3.519
2.459
1.349
1.762
2.649
6.622
4.518
3.179
2.531
0.753
5.346
13.633
5.988
6.010
4.268
4.004
9.904
4.866
4.374
5.507
5.206
6.947
9.413
4.201
1.816
0.414
0.854
1.422
0.963
7.286
9.906
4.099
0.839
-0.501
-0.025
6.880
4.126
4.416
5.744
4.196
2.392
1.989
11.124
5.097
3.897
-0.130
-0.792
0.412
9.193
18.741
5.147
5.063
2.695
2.863
10.730
3.903
4.030
5.246
5.765
5.849
8.582
6.752
4.953
3.523
1.935
-0.250
1.324
0.173
-0.857
0.818
4.537
4.666
3.584
3.143
3.530
2.611
5.644
4.486
0.522
3.180
2.716
2.173
0.659
3.159
-0.162
3.153
0.384
1.701
1.985
4.808
3.804
1.156
4.383
2.829
2.405
3.189
3.347
0.729
1.067
9.354
5.134
4.304
4.354
3.231
1.525
3.821
10.335
5.047
5.313
6.160
3.744
5.347
4.402
3.938
6.201
6.024
6.092
7.629
8.370
0.891
-0.197
-0.735
-0.561
-0.631
-0.564
-0.023
2.589
0.524
0.209
0.229
-0.462
0.101
0.140
1.320
0.399
-0.558
-0.356
0.359
1.693
1.338
1.806
1.105
1.543
0.574
1.526
1.311
1.653
1.891
1.831
1.680
1.693
1.063
1.723
1.457
0.598
0.944
1.321
0.181
0.055
-0.001
-0.519
-0.352
-0.713
-0.839
-0.746
-0.430
0.020
0.351
-0.199
-0.725
-0.101
-0.253
0.023
-0.213
-0.613
-0.338
1.569
1.448
2.302
1.038
1.600
0.938
1.389
2.437
4.085
1.849
2.869
2.075
1.381
2.096
1.074
1.396
0.331
1.776
1.468
2.322
1.811
1.213
0.735
-0.010
2.654
0.995
1.016
2.295
1.767
1.894
2.597
2.066
1.109
2.411
1.600
0.950
-0.145
1.326
2.719
3.744
3.672
3.202
2.690
5.632
5.598
8.423
2.356
4.051
2.545
5.372
3.830
3.166
5.470
3.320
3.244
3.070
3.381
1.751
0.648
0.632
0.008
0.351
0.030
0.291
0.806
8.132
1.316
0.697
0.961
0.368
1.107
0.171
0.891
0.172
0.403
0.899
2.516
2.068
1.499
-0.171
0.944
2.285
2.116
1.330
2.731
1.582
2.894
2.200
1.892
0.832
2.047
0.919
0.753
1.071
2.527
2.791
1.540
2.345
1.901
0.234
1.274
1.396
2.527
2.716
1.922
1.945
2.425
3.032
1.729
3.814
2.085
1.533
1.540
3.115
5.202
3.479
3.178
0.415
3.321
0.766
-0.743
0.928
7.063
4.210
4.543
2.938
4.270
3.872
5.953
5.050
3.409
3.394
2.973
1.778
0.650
0.674
0.617
1.146
-1.329
7.788
7.764
4.496
1.306
0.501
10.914
2.245
0.703
4.561
2.202
0.416
-0.678
7.955
3.053
1.556
0.741
0.360
0.482
-0.264
-0.184
2.509
5.014
1.653
0.913
1.312
0.070
1.734
1.016
2.232
1.751
0.962
0.685
1.138
0.703
0.794
-0.518
0.036
-0.501
-1.004
1.010
-0.877
1.341
1.029
0.824
-1.297
0.777
0.600
1.556
1.321
0.627
0.482
5.367
4.856
3.308
1.582
2.158
1.416
2.580
8.516
4.476
3.411
3.989
1.148
4.654
3.919
5.759
4.213
4.058
4.679
3.515
1.839
1.801
1.346
1.726
0.600
0.727
1.359
-0.499
1.486
2.450
1.591
1.387
0.904
1.954
0.728
1.271
0.871
1.077
2.104
2.845
1.467
3.061
2.262
2.816
2.594
3.102
4.798
1.833
3.280
2.621
6.416
3.423
4.273
3.193
4.281
4.284
4.245
4.230
1.790
0.774
-1.001
-1.156
-1.079
-1.139
-0.045
1.529
2.570
1.477
0.980
0.596
-0.211
0.584
0.907
0.316
0.006
-0.805
1.119
2.007
1.601
1.233
0.602
1.296
5.651
7.851
0.658
1.308
2.535
0.480
7.211
1.413
3.768
2.467
2.958
3.012
7.185
1.762
2.133
1.482
0.178
0.630
0.482
0.161
1.764
6.052
1.559
1.066
1.592
0.349
1.194
0.910
2.873
1.485
0.954
0.924
1.340
0.738
-0.546
-0.557
4.735
0.728
4.347
11.580
17.758
0.152
-2.070
-0.903
14.797
2.409
6.117
3.265
5.525
10.395
14.861
10.818
4.870
3.136
2.299
0.778
3.224
5.589
17.986
7.264
4.315
2.722
2.718
11.174
5.253
10.962
6.449
8.420
9.250
14.613
9.457
1.793
0.389
1.454
1.978
2.372
1.458
2.692
6.762
2.937
1.834
0.096
3.123
1.133
2.686
1.475
3.933
0.413
2.818
0.979
4.954
3.679
2.307
1.425
0.146
4.139
11.237
4.085
4.103
3.631
3.446
9.084
3.982
3.229
6.147
5.353
3.348
5.526
4.437
1.357
-0.268
1.581
1.254
2.497
2.139
11.671
11.596
5.335
2.792
-0.679
8.258
3.092
6.500
3.847
6.418
5.381
4.948
11.342
3.509
2.388
3.059
3.503
4.195
2.336
4.935
5.791
3.795
4.401
3.045
5.896
4.366
4.082
5.317
4.588
3.492
3.885
5.461
3.017
2.224
0.549
-0.296
-0.332
0.873
2.754
1.535
2.814
1.731
1.872
2.249
1.950
1.705
2.308
2.745
1.174
1.486
2.082
2.255
4.544
2.757
4.788
2.214
5.399
4.868
4.180
1.938
3.373
2.636
5.621
3.078
3.485
5.058
4.661
3.079
3.324
5.375
1.246
0.692
1.173
0.027
0.040
-0.865
-0.013
0.752
2.461
1.057
1.554
0.468
0.037
1.279
0.254
2.114
1.234
0.018
1.056
4.644
3.388
4.232
1.985
4.625
2.330
1.136
2.918
6.167
3.577
4.732
3.705
4.112
4.128
6.415
6.034
2.327
1.909
3.196
6.460
3.977
1.099
1.189
3.774
9.561
13.926
5.408
4.762
2.546
3.076
10.893
4.478
6.387
5.736
7.086
9.128
14.629
8.973
5.768
4.505
2.822
0.304
1.399
4.158
7.309
10.915
5.502
4.556
3.747
7.787
4.407
3.762
5.915
5.097
4.232
5.795
8.522
5.838
3.999
1.240
-0.678
3.337
9.950
16.431
5.673
5.123
2.841
3.050
14.177
3.126
6.168
4.433
5.802
9.163
14.018
8.864
-0.864
3.363
3.380
4.740
3.817
21.784
31.529
0.507
1.532
3.642
1.183
29.718
4.958
7.155
6.653
8.007
8.131
11.440
23.597
3.933
2.859
1.024
-0.141
-0.080
-0.966
0.748
8.180
3.439
2.754
2.360
1.015
2.978
2.753
3.714
3.059
2.266
3.232
1.625
1.216
1.275
-0.713
1.367
-0.870
0.913
1.347
5.179
0.698
2.279
0.455
1.364
0.445
0.617
-0.193
-0.266
0.209
-0.059
0.184
1.370
0.197
2.092
3.624
1.795
0.577
4.368
8.295
0.764
0.346
1.344
4.984
3.027
1.972
2.156
2.446
4.249
4.968
4.316
1.736
0.994
0.537
-0.122
0.136
0.201
0.260
-0.007
-0.829
0.197
0.565
1.255
0.429
0.820
0.724
-0.076
0.644
0.742
1.439
0.977
0.647
0.643
-0.048
0.189
-0.116
-0.217
0.033
-0.976
0.726
1.416
0.653
-0.125
0.484
0.073
0.632
-0.169
0.239
0.706
2.104
0.829
0.429
0.035
0.097
0.377
0.346
2.058
0.587
0.398
0.571
0.223
0.569
0.449
0.398
0.214
0.311
0.517
0.691
1.494
1.099
0.847
0.262
-0.022
0.016
0.829
2.242
0.356
0.997
0.933
0.697
0.811
0.841
0.457
1.380
1.181
0.821
1.451
0.623
0.432
0.773
0.329
0.027
-0.189
0.056
-0.752
0.314
1.000
0.362
-0.131
0.268
-0.008
0.223
-0.001
0.047
0.211
0.461
0.315
0.075
-0.357
-0.445
-0.535
-0.729
-0.804
-0.562
2.183
0.120
-0.261
-0.040
-0.713
0.087
-0.267
0.138
-0.286
-0.356
-0.268
0.599
0.528
0.870
0.249
0.571
0.231
0.536
0.334
0.702
0.802
0.613
0.529
0.348
0.295
0.202
0.481
0.316
-0.040
0.574
0.839
0.636
0.285
-0.006
0.071
-0.049
-0.095
-0.130
0.215
-0.217
0.515
-0.157
0.518
0.331
-0.149
0.474
0.321
0.312
0.834
-0.010
-0.726
0.003
-0.832
-0.327
-0.725
-0.387
-0.162
-2.037
-0.676
-0.497
-0.271
-0.589
-0.739
-0.222
-1.278
-0.806
-0.894
0.034
1.577
0.878
-0.127
-0.691
-0.228
-0.554
-0.714
-0.593
3.379
0.924
0.060
0.377
-0.663
0.161
0.108
-0.397
-0.394
-0.156
0.098
2.061
0.759
-0.612
-1.417
-1.252
-1.402
-1.763
2.027
0.827
1.644
0.738
0.307
-1.230
0.473
-0.126
1.323
0.796
0.051
0.655
1.681
1.282
0.469
-0.628
0.016
1.628
0.997
0.016
1.770
0.878
0.614
1.857
1.021
0.961
0.709
0.608
0.557
1.108
1.350
3.906
2.863
-0.735
1.491
3.234
14.524
19.198
5.181
3.371
2.800
2.263
18.562
3.477
2.825
4.590
5.806
5.036
6.189
9.097
2.042
2.561
0.322
3.812
0.894
18.858
37.243
7.148
2.157
2.897
0.921
25.683
4.392
5.243
6.338
7.228
5.912
11.682
19.335
2.426
0.585
-1.488
-1.276
-2.109
-1.922
1.735
5.233
2.517
1.723
0.300
0.404
4.034
1.955
1.767
0.650
-0.145
0.266
4.727
5.474
3.474
2.933
-0.618
1.170
4.882
14.564
3.844
3.695
1.656
2.647
9.621
2.943
3.968
4.577
4.903
6.348
7.255
3.851
5.781
4.231
2.273
0.313
1.265
0.603
1.122
6.592
5.347
4.673
3.506
0.739
4.598
3.528
4.979
4.088
3.710
5.539
3.252
1.864
0.383
-0.694
-1.634
-1.101
-1.145
-1.536
-0.355
4.488
1.175
1.583
-0.274
-0.894
-0.162
0.203
1.427
0.927
-0.488
-0.301
4.981
3.755
2.836
2.118
0.419
1.306
6.847
3.542
4.094
2.655
2.730
4.254
3.041
3.636
4.811
4.492
3.594
4.932
2.000
0.678
0.485
0.230
0.280
-0.185
0.663
0.698
0.730
4.123
1.503
1.791
1.097
0.562
0.824
1.034
0.390
0.808
0.721
1.264
1.169
0.463
-0.103
0.209
-0.386
0.017
-0.096
0.337
2.115
0.524
0.045
0.224
0.020
0.351
0.185
0.267
-0.009
0.057
0.379
0.489
1.145
0.057
0.457
-0.376
0.336
0.518
-1.027
0.790
1.304
0.183
0.293
-0.066
0.070
0.102
-0.415
-0.324
-0.160
0.456
-1.544
-0.228
-1.597
-1.481
-0.441
-0.281
-1.391
-1.509
2.721
-2.283
-1.043
-1.964
-1.583
-1.928
-1.899
-1.595
-1.529
-2.191
-0.885
3.020
4.851
3.792
4.821
2.502
5.042
5.434
5.201
2.250
4.926
2.504
4.639
3.848
3.133
5.189
3.265
2.800
2.905
4.575
0.274
0.039
-0.374
0.204
-0.266
-0.389
0.428
1.728
-0.195
0.368
0.033
-0.217
-0.355
-0.467
0.329
0.085
-0.409
-0.478
-0.441
1.586
1.067
1.539
0.252
0.664
-0.307
0.247
1.470
-0.546
1.685
1.698
1.519
0.594
1.691
0.977
0.727
1.272
1.617
1.431
0.015
-0.020
-0.000
-0.044
-0.417
-0.610
-0.840
-0.326
-0.203
-0.030
0.093
-0.512
0.105
-0.285
-0.009
-0.395
-0.127
-0.159
-0.058
1.341
0.265
3.261
6.960
5.278
3.379
25.382
27.215
3.703
-0.189
0.436
30.275
6.956
4.165
6.370
4.735
5.765
6.914
20.350
6.033
4.446
2.730
1.021
2.813
5.775
7.715
5.942
4.953
2.404
3.605
10.977
4.450
3.982
5.256
4.364
4.228
7.168
6.623
1.058
0.557
-0.494
-1.303
-1.104
-0.798
-0.152
0.022
1.795
0.433
-0.455
-0.045
-0.023
0.099
0.104
-0.046
-0.048
-0.459
0.769
0.844
0.651
0.403
-1.267
-0.893
-0.585
0.595
0.313
-1.442
1.114
0.979
0.120
0.689
-0.013
0.392
0.483
-0.192
-0.069
0.312
3.278
2.238
2.312
0.302
0.711
9.467
14.506
6.450
2.458
2.431
2.113
8.503
3.593
2.682
2.878
1.703
4.552
3.652
10.607
3.830
3.589
3.285
2.176
2.560
1.188
-0.883
4.243
3.530
3.422
2.968
1.551
3.827
3.639
3.400
4.119
3.192
3.316
2.989
0.559
-0.347
-1.141
-2.299
-1.786
-1.499
-0.277
-1.509
-0.326
0.006
0.062
-0.144
-0.567
-0.921
0.004
-0.779
-1.460
-0.438
0.390
3.794
2.205
-1.470
-1.303
-0.955
3.997
7.270
1.557
3.230
2.196
1.547
3.712
2.061
1.300
3.128
2.099
1.764
2.083
5.465
2.152
1.511
1.193
0.499
-0.090
-0.709
-0.272
1.696
1.742
1.210
1.417
-1.013
1.906
1.226
2.237
1.349
0.783
0.873
1.636
7.779
6.114
4.961
2.421
5.305
2.748
1.469
2.553
13.555
6.171
5.521
5.706
4.829
4.574
6.661
6.767
4.635
4.617
3.278
1.249
1.114
0.915
0.445
0.648
0.444
0.101
-0.126
0.894
0.827
0.747
0.161
0.759
0.702
0.939
0.814
0.412
0.915
1.087
2.988
2.079
0.358
-0.196
-0.137
1.129
12.016
5.430
2.394
1.830
1.583
9.329
1.630
1.896
2.935
2.844
1.545
-0.071
3.603
2.421
1.694
1.946
1.771
2.074
1.680
1.881
1.974
2.013
2.047
2.198
2.034
2.310
1.857
2.032
1.615
1.833
2.044
2.220
0.283
0.301
0.006
-0.044
-0.114
0.224
0.272
-1.411
0.358
0.259
0.319
0.211
0.454
0.036
0.169
0.114
0.102
0.075
0.705
0.244
-0.077
0.091
-0.551
-0.257
-0.492
-0.806
-0.417
-0.268
0.153
0.364
-0.003
-0.992
0.207
-0.131
-0.386
-0.505
-0.263
0.147
0.664
-0.025
-0.068
-1.222
-0.491
-1.306
-0.884
-0.660
1.914
0.953
0.382
1.530
-0.688
-0.125
-0.091
0.228
-0.541
-0.151
0.098
-0.114
0.029
0.280
0.107
0.151
-1.514
-0.067
-0.007
-1.476
-1.315
0.235
-0.009
-0.075
0.065
0.030
-0.052
-0.073
0.099
0.097
2.050
0.297
0.026
-0.081
-0.423
-0.333
-0.444
-0.160
2.475
0.447
0.384
0.066
-0.339
0.052
-0.099
0.005
0.115
-0.231
0.481
0.161
-0.016
0.753
-0.678
0.268
-0.918
-0.946
0.278
-1.489
-0.128
1.050
-0.598
-0.231
-0.284
-0.428
0.540
-0.840
0.390
0.476
4.553
2.615
0.362
0.895
1.910
9.421
22.305
0.808
4.058
2.396
1.969
14.783
2.116
3.543
4.239
5.722
6.593
14.184
6.475
1.362
0.135
1.191
0.895
1.213
0.150
4.359
7.116
2.598
0.214
-0.303
3.288
1.959
0.687
1.843
0.751
0.372
1.170
4.608
5.734
3.834
1.315
0.059
2.186
12.489
16.231
3.450
5.022
3.605
3.294
18.673
4.229
2.616
5.024
4.554
5.923
7.886
8.811
1.562
1.024
-0.154
-1.197
-0.880
-0.976
-1.921
0.113
2.753
0.773
1.214
0.721
-0.698
0.391
0.132
0.057
-0.359
-0.003
-0.253
1.665
-0.084
-1.126
2.748
-0.107
2.414
3.867
13.897
1.342
-1.189
-0.186
6.415
4.112
5.802
2.661
3.602
5.456
5.672
9.125
1.778
-1.195
1.985
-2.410
1.229
15.181
20.944
2.040
0.899
-0.574
-0.158
25.834
2.754
3.002
4.091
4.230
8.574
11.288
9.956
2.323
1.358
0.943
0.124
1.235
0.659
0.119
0.870
2.313
0.796
-0.030
1.163
0.047
1.339
1.093
3.598
2.612
0.648
1.154
6.763
5.698
4.860
3.354
3.983
2.834
1.820
5.590
5.712
5.151
5.569
2.522
6.036
5.842
7.367
7.246
4.890
2.635
4.233
5.328
3.894
3.106
1.606
-0.018
0.795
5.838
11.713
5.391
4.915
3.611
3.038
4.186
4.283
5.684
4.649
4.053
6.052
3.357
3.391
2.739
3.085
2.247
2.779
2.014
2.126
2.456
3.482
4.112
3.062
2.439
3.574
2.583
3.760
2.930
2.247
1.949
3.456
0.933
0.365
0.130
-0.837
-0.870
-0.817
-0.208
-0.076
0.082
0.749
0.509
0.177
-0.240
0.529
-0.169
0.875
-0.208
-0.144
0.300
3.508
1.885
1.997
2.310
2.761
3.524
6.726
6.619
2.529
2.987
2.500
8.012
2.251
3.941
4.496
3.214
3.796
4.894
7.616
3.986
7.940
4.760
7.189
5.006
6.943
7.604
8.914
5.968
9.068
4.727
7.138
6.331
6.056
8.947
7.173
5.653
6.151
8.504
2.691
1.530
1.369
1.274
-0.332
0.445
1.243
3.484
2.169
1.994
1.894
1.649
2.148
1.018
2.228
1.744
1.189
1.334
1.880
6.163
19.924
22.402
23.459
15.513
28.112
34.848
11.964
11.948
18.540
11.103
27.804
21.114
21.754
21.546
18.888
22.696
29.370
32.202
5.017
3.378
2.116
1.815
0.051
4.244
7.132
7.377
3.301
2.106
3.199
5.293
4.414
3.484
6.501
4.771
4.983
4.721
4.798
1.825
-3.269
-0.567
-2.139
-1.185
7.075
18.477
3.551
-0.062
-0.603
-0.522
15.345
3.092
3.670
4.704
3.632
5.202
4.549
8.974
6.431
4.928
4.307
1.135
3.774
0.804
-0.039
1.326
6.519
5.159
3.948
4.172
5.304
4.264
6.627
5.500
3.960
4.668
2.993
1.029
1.736
6.065
6.886
9.030
15.713
28.065
6.103
2.440
4.425
1.619
25.959
7.702
13.997
9.907
13.805
16.793
23.629
23.598
5.451
4.077
3.480
0.449
3.656
2.886
7.410
16.122
4.789
1.494
3.308
9.493
3.489
5.818
6.527
7.218
8.989
10.724
6.377
1.353
1.407
1.893
0.861
1.033
1.132
1.675
1.621
3.360
1.169
1.859
1.302
2.008
1.028
0.112
0.923
1.275
1.054
1.306
1.380
0.709
1.301
-0.789
0.866
-0.593
0.202
1.865
2.610
1.152
2.132
0.938
1.312
1.230
0.550
1.718
1.494
0.008
0.595
5.446
17.828
16.989
22.995
11.317
16.801
18.201
14.019
8.932
18.136
8.140
16.296
13.428
13.238
14.121
14.767
14.372
14.450
18.114
5.714
4.097
3.881
3.528
3.912
3.609
3.504
5.248
4.053
3.687
2.831
4.222
4.146
3.580
3.649
2.960
4.328
4.876
6.448
6.299
4.714
1.298
1.942
0.194
2.493
11.397
3.190
5.807
3.546
3.690
7.301
4.150
3.140
5.728
4.928
2.549
5.387
3.249
4.345
2.815
0.293
0.439
0.637
1.180
1.398
5.266
3.911
2.477
2.262
1.075
3.390
3.234
4.323
3.961
2.704
3.461
3.288
4.724
3.689
1.209
-0.138
-0.036
1.333
8.808
5.158
4.040
2.578
2.678
5.154
3.210
2.542
4.010
3.931
2.368
2.962
3.685
2.183
0.476
-1.810
-2.161
-1.242
-2.244
2.748
3.826
0.134
1.233
0.330
2.825
0.808
0.002
1.810
0.206
-0.675
0.535
1.497
2.448
1.949
1.030
0.145
0.601
0.260
2.004
0.787
3.909
1.378
1.554
1.312
2.290
1.179
0.794
3.568
1.916
-0.008
2.016
3.418
2.792
1.697
4.057
2.384
4.048
3.482
4.605
3.741
3.296
2.713
3.659
4.593
4.492
5.990
4.473
3.784
3.170
4.574
-0.478
-0.134
0.291
-0.575
-0.177
-0.851
-0.137
0.121
1.966
0.093
0.107
-0.040
0.020
0.283
-0.051
0.283
-0.406
-0.213
0.352
