VA3L	-0.325	0.000	-0.325	-0.325	11
PA63S	1.239	0.000	1.239	1.239	4
TA71S	1.766	0.000	1.766	1.766	7
SA90F	-0.410	0.000	-0.410	-0.410	16
TA97I	-1.387	0.000	-1.387	-1.387	2
LA110F	1.523	0.000	1.523	1.523	5
SA142F	9.003	0.000	9.003	9.003	17
AA149D	-0.163	0.000	-0.163	-0.163	12
AA157V	3.060	0.000	3.060	3.060	19
PA170S	3.528	0.000	3.528	3.528	8
LA873H	1.198	0.000	1.198	1.198	9
NA878T	0.932	0.000	0.932	0.932	13
YA925F	-0.857	0.000	-0.857	-0.857	1
AA928L	-0.735	0.000	-0.735	-0.735	1
FA941C	3.989	0.000	3.989	3.989	11
IA946L	0.630	0.000	0.630	0.630	6
PA952I	4.195	0.000	4.195	4.195	12
GA987V	4.851	0.000	4.851	4.851	15
TA990Y	-0.512	0.000	-0.512	-0.512	3
YA1000L	2.421	0.000	2.421	2.421	3
GA1032N	13.428	0.000	13.428	13.428	7
